Rank 0 chunk:
 2 -1  0  0  0  0  0  0  0  0
-1  2 -1  0  0  0  0  0  0  0
 0 -1  2 -1  0  0  0  0  0  0
 0  0 -1  2 -1  0  0  0  0  0
 0  0  0 -1  2 -1  0  0  0  0

Rank 1 chunk:
 0  0  0  0 -1  2 -1  0  0  0
 0  0  0  0  0 -1  2 -1  0  0
 0  0  0  0  0  0 -1  2 -1  0
 0  0  0  0  0  0  0 -1  2 -1
 0  0  0  0  0  0  0  0 -1  2

Rank 1 diag block:
Rank 0 diag block:
 2 -1  0  0  0
-1  2 -1  0  0
 0 -1  2 -1  0
 0  0 -1  2 -1
 0  0  0 -1  2

 2 -1  0  0  0
-1  2 -1  0  0
 0 -1  2 -1  0
 0  0 -1  2 -1
 0  0  0 -1  2

